46 325.3478
72 77 100 101 103 159 259 260 261 262 263 264 265 266 267 269 270 271 273 274 275 276 277 278 279 280 282 283 284 285 286 288 289 290 291 292 293 294 295 296 297 299 300 301 302 303 
43 214.4186
221 628 789 792 1263 1264 1265 1266 1267 1268 1269 1270 1271 1272 1273 1274 1275 1276 1277 1278 1279 1280 1281 1282 1283 1284 1285 1286 1287 1288 1289 1290 1291 1292 1293 1294 1295 1296 1298 1299 1300 1301 1303 
35 187.0000
3137 4013 4014 4015 4016 4017 4018 4019 4020 4021 4022 4023 4024 4025 4026 4027 4028 4029 4030 4031 4032 4033 4034 4035 4036 4037 4038 4039 4040 4041 4042 4043 4044 4045 4046 
24 84.3333
2223 3801 3802 3803 3804 3805 3806 3807 3808 3809 3810 3811 3812 3813 3814 3815 3816 3817 3818 3819 3820 3821 3822 3823 
24 77.6667
689 3100 3736 3739 3740 3741 3742 3743 3744 3745 3746 3747 3748 3749 3750 3752 3753 3754 3755 3756 3758 3759 3760 3761 
16 35.0000
523 4512 4513 4514 4515 4516 4517 4518 4519 4520 4521 4522 4523 4524 4525 4526 
14 26.0000
1233 3087 3598 3599 3600 3601 3603 3604 3605 3606 3607 3608 3609 3610 
10 11.2000
2244 3666 4989 4990 4991 4992 4993 4994 4995 4996 
15 11.1333
19 2949 3553 3554 3555 3556 3557 3558 3559 3560 3561 3562 3563 3564 3565 
9 9.3333
437 440 448 3003 3004 3006 3007 3009 3010 
8 7.0000
2360 3999 4001 4592 4593 4594 4595 4596 
7 5.0000
5141 5142 5143 5144 5145 5146 5147 
7 5.0000
1495 4343 4344 4345 4346 4347 4348 
7 5.0000
3876 3877 3878 3879 3880 3882 3883 
7 5.0000
1642 1804 2009 2013 2016 2025 2026 
7 5.0000
1243 1323 1329 1331 1333 1345 1347 
7 5.0000
128 587 588 589 590 591 592 
6 3.3333
5221 5222 5223 5224 5225 5226 
6 3.3333
5112 5113 5114 5115 5116 5117 
6 3.3333
4578 4579 4580 4582 4583 4584 
