46 325.3478
72 77 100 101 103 159 259 260 261 262 263 264 265 266 267 269 270 271 273 274 275 276 277 278 279 280 282 283 284 285 286 288 289 290 291 292 293 294 295 296 297 299 300 301 302 303 
43 214.4186
221 628 789 792 1263 1264 1265 1266 1267 1268 1269 1270 1271 1272 1273 1274 1275 1276 1277 1278 1279 1280 1281 1282 1283 1284 1285 1286 1287 1288 1289 1290 1291 1292 1293 1294 1295 1296 1298 1299 1300 1301 1303 
35 187.0000
3137 4013 4014 4015 4016 4017 4018 4019 4020 4021 4022 4023 4024 4025 4026 4027 4028 4029 4030 4031 4032 4033 4034 4035 4036 4037 4038 4039 4040 4041 4042 4043 4044 4045 4046 
24 84.3333
2223 3801 3802 3803 3804 3805 3806 3807 3808 3809 3810 3811 3812 3813 3814 3815 3816 3817 3818 3819 3820 3821 3822 3823 
24 77.6667
689 3100 3736 3739 3740 3741 3742 3743 3744 3745 3746 3747 3748 3749 3750 3752 3753 3754 3755 3756 3758 3759 3760 3761 
